966580455003
966580455015
966580455043
966580455047
966580455056
966580455064
966580455068
966580455081
966580455085
966580455090
966580455099
966580455105
966580455125
966580455128
966580455135
966580455136
966580455138
966580455150
966580455164
966580455170
966580455176
966580455191
966580455206
966580455208
966580455222
966580455228
966580455237
966580455241
966580455244
966580455256
966580455263
966580455264
966580455275
966580455277
966580455282
966580455302
966580455308
966580455310
966580455313
966580455332
966580455335
966580455337
966580455343
966580455388
966580455390
966580455416
966580455418
966580455435
966580455439
966580455450
966580455463
966580455471
966580455474
966580455480
966580455483
966580455497
966580455505
966580455513
966580455516
966580455550
966580455563
966580455567
966580455568
966580455593
966580455606
966580455612
966580455618
966580455650
966580455659
966580455672
966580455674
966580455679
966580455704
966580455717
966580455733
966580455735
966580455739
966580455773
966580455776
966580455779
966580455781
966580455783
966580455799
966580455808
966580455823
966580455825
966580455834
966580455836
966580455838
966580455850
966580455888
966580455889
966580455940
966580455949
966580455953
966580455960
966580455970
966580455985
966580455987
966580455995
966580593005
966580593046
966580593058
966580593062
966580593066
966580593076
966580593081
966580593095
966580593107
966580593133
966580593135
966580593136
966580593150
966580593160
966580593177
966580593179
966580593183
966580593190
966580593203
966580593207
966580593209
966580593244
966580593256
966580593276
966580593281
966580593282
966580593302
966580593304
966580593306
966580593319
966580593345
966580593363
966580593376
966580593412
966580593424
966580593425
966580593426
966580593434
966580593446
966580593460
966580593461
966580593468
966580593470
966580593472
966580593475
966580593481
966580593484
966580593493
966580593494
966580593510
966580593527
966580593528
966580593536
966580593542
966580593553
966580593571
966580593601
966580593618
966580593623
966580593634
966580593635
966580593641
966580593642
966580593644
966580593656
966580593658
966580593660
966580593662
966580593665
966580593669
966580593683
966580593689
966580593709
966580593720
966580593729
966580593741
966580593742
966580593747
966580593751
966580593753
966580593755
966580593770
966580593787
966580593795
966580593861
966580593871
966580593873
966580593875
966580593893
966580593902
966580593917
966580593920
966580593924
966580593929
966580593931
966580593941
966580593946
966580593975
966580593983
966580593992
966580972006
966580972018
966580972054
966580972075
966580972080
966580972099
966580972103
966580972104
966580972111
966580972120
966580972146
966580972155
966580972158
966580972160
966580972176
966580972181
966580972186
966580972190
966580972228
966580972229
966580972239
966580972240
966580972241
966580972248
966580972255
966580972268
966580972325
966580972343
966580972344
966580972359
966580972368
966580972381
966580972383
966580972389
966580972394
966580972407
966580972410
966580972411
966580972429
966580972435
966580972436
966580972446
966580972450
966580972454
966580972458
966580972477
966580972491
966580972507
966580972531
966580972532
966580972542
966580972546
966580972567
966580972574
966580972583
966580972604
966580972623
966580972646
966580972647
966580972648
966580972651
966580972654
966580972658
966580972667
966580972686
966580972697
966580972703
966580972714
966580972740
966580972751
966580972754
966580972775
966580972788
966580972805
966580972811
966580972818
966580972821
966580972823
966580972824
966580972829
966580972838
966580972843
966580972859
966580972861
966580972862
966580972871
966580972872
966580972874
966580972876
966580972879
966580972894
966580972901
966580972916
966580972925
966580972945
966580972949
966580972952
966580972958
966580972973
966580972986
966581022006
966581022013
966581022025
966581022040
966581022044
966581022045
966581022059
966581022069
966581022076
966581022083
966581022085
966581022101
966581022113
966581022127
966581022136
966581022137
966581022151
966581022161
966581022172
966581022175
966581022184
966581022187
966581022204
966581022209
966581022214
966581022224
966581022226
966581022228
966581022232
966581022242
966581022275
966581022281
966581022291
966581022294
966581022295
966581022328
966581022337
966581022338
966581022353
966581022356
966581022359
966581022366
966581022396
966581022409
966581022418
966581022419
966581022442
966581022446
966581022447
966581022453
966581022472
966581022483
966581022499
966581022530
966581022538
966581022561
966581022568
966581022569
966581022579
966581022587
966581022588
966581022596
966581022601
966581022602
966581022604
966581022613
966581022615
966581022627
966581022635
966581022651
966581022658
966581022659
966581022664
966581022667
966581022671
966581022676
966581022685
966581022690
966581022695
966581022709
966581022730
966581022735
966581022737
966581022751
966581022780
966581022787
966581022793
966581022795
966581022825
966581022855
966581022861
966581022874
966581022887
966581022900
966581022916
966581022919
966581022933
966581022953
966581022991
966581022993
966581583014
966581583021
966581583035
966581583039
966581583043
966581583044
966581583061
966581583075
966581583086
966581583091
966581583100
966581583101
966581583103
966581583117
966581583124
966581583125
966581583137
966581583141
966581583143
966581583150
966581583165
966581583166
966581583180
966581583182
966581583183
966581583192
966581583196
966581583215
966581583220
966581583228
966581583240
966581583244
966581583254
966581583264
966581583269
966581583275
966581583279
966581583300
966581583303
966581583329
966581583332
966581583339
966581583351
966581583356
966581583363
966581583369
966581583405
966581583408
966581583419
966581583453
966581583457
966581583467
966581583469
966581583474
966581583476
966581583493
966581583523
966581583524
966581583578
966581583580
966581583583
966581583592
966581583596
966581583600
966581583612
966581583614
966581583617
966581583649
966581583656
966581583660
966581583677
966581583690
966581583694
966581583725
966581583734
966581583737
966581583745
966581583749
966581583762
966581583773
966581583783
966581583793
966581583806
966581583832
966581583843
966581583865
966581583872
966581583878
966581583883
966581583894
966581583904
966581583905
966581583907
966581583934
966581583937
966581583938
966581583948
966581583958
966581583976
966581583977
966581990008
966581990010
966581990033
966581990041
966581990047
966581990053
966581990061
966581990073
966581990081
966581990111
966581990116
966581990118
966581990121
966581990155
966581990158
966581990163
966581990170
966581990179
966581990188
966581990207
966581990213
966581990216
966581990241
966581990253
966581990271
966581990275
966581990278
966581990281
966581990288
966581990290
966581990300
966581990323
966581990342
966581990343
966581990345
966581990351
966581990367
966581990369
966581990374
966581990376
966581990413
966581990426
966581990431
966581990480
966581990498
966581990502
966581990504
966581990510
966581990519
966581990524
966581990545
966581990554
966581990558
966581990588
966581990600
966581990618
966581990624
966581990664
966581990666
966581990676
966581990680
966581990682
966581990694
966581990706
966581990710
966581990714
966581990723
966581990757
966581990773
966581990778
966581990784
966581990790
966581990791
966581990795
966581990801
966581990813
966581990819
966581990822
966581990837
966581990839
966581990840
966581990850
966581990851
966581990881
966581990886
966581990893
966581990916
966581990925
966581990927
966581990936
966581990948
966581990951
966581990952
966581990961
966581990971
966581990975
966581990979
966581990984
966581990989
966581990990
966585189014
966585189019
966585189023
966585189027
966585189028
966585189038
966585189050
966585189078
966585189086
966585189095
966585189100
966585189111
966585189116
966585189137
966585189138
966585189143
966585189151
966585189153
966585189162
966585189171
966585189179
966585189214
966585189215
966585189222
966585189234
966585189243
966585189286
966585189297
966585189320
966585189345
966585189354
966585189357
966585189358
966585189364
966585189369
966585189373
966585189378
966585189389
966585189390
966585189394
966585189413
966585189434
966585189438
966585189447
966585189455
966585189469
966585189472
966585189490
966585189493
966585189500
966585189515
966585189521
966585189526
966585189539
966585189540
966585189559
966585189560
966585189567
966585189575
966585189583
966585189587
966585189599
966585189601
966585189622
966585189625
966585189647
966585189649
966585189661
966585189666
966585189670
966585189673
966585189680
966585189691
966585189698
966585189706
966585189721
966585189742
966585189789
966585189798
966585189801
966585189805
966585189816
966585189819
966585189826
966585189857
966585189879
966585189885
966585189886
966585189895
966585189898
966585189900
966585189913
966585189933
966585189938
966585189951
966585189957
966585189962
966585189968
966585189970
966585189989
966585403004
966585403036
966585403040
966585403054
966585403078
966585403081
966585403092
966585403094
966585403101
966585403111
966585403121
966585403128
966585403140
966585403148
966585403149
966585403169
966585403172
966585403176
966585403177
966585403183
966585403188
966585403197
966585403202
966585403209
966585403228
966585403236
966585403249
966585403250
966585403253
966585403279
966585403282
966585403284
966585403298
966585403304
966585403309
966585403323
966585403334
966585403337
966585403381
966585403408
966585403424
966585403439
966585403448
966585403456
966585403465
966585403468
966585403476
966585403488
966585403526
966585403534
966585403540
966585403542
966585403573
966585403589
966585403594
966585403597
966585403599
966585403600
966585403615
966585403616
966585403627
966585403631
966585403634
966585403636
966585403643
966585403647
966585403648
966585403659
966585403663
966585403668
966585403698
966585403699
966585403706
966585403715
966585403733
966585403736
966585403751
966585403761
966585403783
966585403791
966585403805
966585403818
966585403820
966585403826
966585403847
966585403871
966585403895
966585403897
966585403905
966585403911
966585403915
966585403921
966585403938
966585403949
966585403952
966585403956
966585403984
966585403986
966585403995
966585403999
966585619013
966585619024
966585619036
966585619039
966585619042
966585619051
966585619055
966585619068
966585619081
966585619103
966585619110
966585619120
966585619127
966585619169
966585619180
966585619187
966585619193
966585619198
966585619234
966585619237
966585619240
966585619250
966585619252
966585619264
966585619270
966585619271
966585619277
966585619283
966585619286
966585619328
966585619329
966585619330
966585619343
966585619350
966585619357
966585619367
966585619376
966585619398
966585619421
966585619436
966585619446
966585619462
966585619470
966585619475
966585619489
966585619509
966585619521
966585619522
966585619525
966585619533
966585619539
966585619547
966585619565
966585619569
966585619576
966585619583
966585619601
966585619602
966585619607
966585619610
966585619611
966585619617
966585619629
966585619632
966585619635
966585619663
966585619665
966585619674
966585619678
966585619700
966585619702
966585619705
966585619725
966585619730
966585619741
966585619749
966585619753
966585619779
966585619787
966585619794
966585619805
966585619814
966585619819
966585619842
966585619847
966585619862
966585619866
966585619888
966585619895
966585619902
966585619904
966585619928
966585619932
966585619933
966585619941
966585619942
966585619944
966585619951
966585619985
966585619992
966588577001
966588577024
966588577029
966588577032
966588577046
966588577050
966588577071
966588577075
966588577077
966588577087
966588577089
966588577116
966588577117
966588577123
966588577142
966588577145
966588577150
966588577153
966588577174
966588577196
966588577218
966588577225
966588577243
966588577246
966588577262
966588577265
966588577288
966588577319
966588577332
966588577343
966588577357
966588577361
966588577362
966588577364
966588577392
966588577407
966588577408
966588577424
966588577432
966588577434
966588577439
966588577464
966588577486
966588577490
966588577498
966588577504
966588577508
966588577510
966588577511
966588577524
966588577528
966588577543
966588577549
966588577554
966588577556
966588577571
966588577579
966588577597
966588577601
966588577607
966588577615
966588577617
966588577627
966588577628
966588577630
966588577633
966588577642
966588577651
966588577653
966588577656
966588577664
966588577715
966588577716
966588577723
966588577726
966588577732
966588577738
966588577787
966588577790
966588577802
966588577806
966588577814
966588577815
966588577816
966588577828
966588577858
966588577882
966588577895
966588577897
966588577902
966588577913
966588577916
966588577921
966588577933
966588577935
966588577945
966588577948
966588577969
966588577980
966588577986
966589186004
966589186006
966589186017
966589186022
966589186025
966589186027
966589186035
966589186045
966589186063
966589186066
966589186067
966589186076
966589186095
966589186119
966589186126
966589186152
966589186155
966589186157
966589186165
966589186170
966589186171
966589186172
966589186177
966589186187
966589186191
966589186208
966589186234
966589186236
966589186256
966589186267
966589186286
966589186301
966589186307
966589186312
966589186318
966589186337
966589186354
966589186357
966589186364
966589186378
966589186394
966589186412
966589186423
966589186435
966589186439
966589186446
966589186451
966589186457
966589186461
966589186466
966589186469
966589186470
966589186481
966589186486
966589186487
966589186495
966589186506
966589186511
966589186527
966589186531
966589186536
966589186541
966589186551
966589186554
966589186555
966589186587
966589186599
966589186609
966589186613
966589186619
966589186628
966589186635
966589186671
966589186700
966589186703
966589186708
966589186722
966589186763
966589186766
966589186770
966589186777
966589186779
966589186783
966589186785
966589186790
966589186817
966589186852
966589186855
966589186888
966589186898
966589186901
966589186905
966589186917
966589186932
966589186933
966589186936
966589186942
966589186962
966589186964
966589186975
966590999023
966590999069
966590999082
966590999094
966590999100
966590999102
966590999105
966590999114
966590999116
966590999125
966590999130
966590999131
966590999138
966590999145
966590999149
966590999150
966590999154
966590999157
966590999170
966590999184
966590999185
966590999211
966590999226
966590999228
966590999241
966590999247
966590999285
966590999288
966590999300
966590999306
966590999314
966590999325
966590999326
966590999332
966590999334
966590999340
966590999347
966590999351
966590999360
966590999364
966590999375
966590999385
966590999407
966590999431
966590999439
966590999440
966590999471
966590999501
966590999505
966590999525
966590999538
966590999548
966590999562
966590999564
966590999567
966590999568
966590999573
966590999579
966590999585
966590999586
966590999590
966590999594
966590999602
966590999614
966590999621
966590999626
966590999646
966590999650
966590999654
966590999655
966590999667
966590999669
966590999673
966590999679
966590999681
966590999691
966590999696
966590999707
966590999722
966590999794
966590999796
966590999799
966590999803
966590999811
966590999812
966590999814
966590999835
966590999841
966590999905
966590999908
966590999912
966590999917
966590999927
966590999929
966590999939
966590999957
966590999966
966590999968
966590999969
966590999993
966592753001
966592753012
966592753026
966592753027
966592753028
966592753040
966592753041
966592753080
966592753081
966592753110
966592753121
966592753133
966592753134
966592753145
966592753147
966592753153
966592753172
966592753183
966592753184
966592753189
966592753194
966592753200
966592753229
966592753238
966592753247
966592753262
966592753264
966592753282
966592753287
966592753291
966592753292
966592753298
966592753303
966592753317
966592753319
966592753324
966592753336
966592753353
966592753358
966592753368
966592753392
966592753394
966592753398
966592753423
966592753426
966592753438
966592753453
966592753460
966592753464
966592753476
966592753477
966592753507
966592753514
966592753528
966592753529
966592753532
966592753549
966592753550
966592753559
966592753563
966592753566
966592753567
966592753588
966592753593
966592753616
966592753626
966592753628
966592753633
966592753647
966592753663
966592753671
966592753678
966592753680
966592753682
966592753687
966592753695
966592753707
966592753712
966592753718
966592753724
966592753741
966592753746
966592753753
966592753766
966592753767
966592753781
966592753795
966592753798
966592753809
966592753812
966592753841
966592753855
966592753869
966592753883
966592753889
966592753903
966592753927
966592753952
966592753971
966592753990
966593130016
966593130020
966593130025
966593130027
966593130029
966593130042
966593130053
966593130060
966593130095
966593130102
966593130106
966593130112
966593130119
966593130122
966593130130
966593130144
966593130146
966593130154
966593130157
966593130163
966593130164
966593130188
966593130191
966593130193
966593130195
966593130208
966593130224
966593130238
966593130241
966593130246
966593130250
966593130259
966593130268
966593130274
966593130277
966593130300
966593130322
966593130341
966593130343
966593130344
966593130364
966593130375
966593130384
966593130387
966593130388
966593130396
966593130409
966593130411
966593130414
966593130433
966593130444
966593130446
966593130451
966593130460
966593130461
966593130481
966593130484
966593130520
966593130530
966593130557
966593130567
966593130577
966593130584
966593130597
966593130619
966593130625
966593130632
966593130640
966593130655
966593130662
966593130681
966593130694
966593130699
966593130705
966593130715
966593130718
966593130720
966593130726
966593130733
966593130739
966593130740
966593130746
966593130765
966593130773
966593130775
966593130779
966593130798
966593130806
966593130822
966593130825
966593130827
966593130829
966593130874
966593130884
966593130917
966593130926
966593130986
966593130994
966593130995
966593130998
966594105001
966594105005
966594105020
966594105045
966594105052
966594105056
966594105057
966594105062
966594105063
966594105069
966594105070
966594105075
966594105080
966594105097
966594105116
966594105138
966594105146
966594105151
966594105160
966594105165
966594105172
966594105175
966594105190
966594105198
966594105221
966594105232
966594105244
966594105253
966594105288
966594105297
966594105298
966594105317
966594105325
966594105356
966594105358
966594105370
966594105374
966594105378
966594105381
966594105410
966594105411
966594105420
966594105422
966594105433
966594105436
966594105441
966594105442
966594105450
966594105476
966594105477
966594105478
966594105488
966594105494
966594105530
966594105533
966594105550
966594105572
966594105582
966594105596
966594105606
966594105626
966594105651
966594105666
966594105667
966594105680
966594105682
966594105691
966594105696
966594105709
966594105713
966594105721
966594105723
966594105725
966594105741
966594105742
966594105773
966594105775
966594105780
966594105782
966594105802
966594105813
966594105821
966594105829
966594105832
966594105841
966594105861
966594105865
966594105868
966594105876
966594105890
966594105904
966594105914
966594105937
966594105946
966594105953
966594105960
966594105973
966594105977
966594105988
966594105996
966595026005
966595026011
966595026016
966595026025
966595026042
966595026048
966595026055
966595026061
966595026063
966595026071
966595026079
966595026090
966595026099
966595026114
966595026133
966595026138
966595026142
966595026148
966595026166
966595026180
966595026181
966595026184
966595026189
966595026200
966595026206
966595026230
966595026231
966595026240
966595026244
966595026285
966595026287
966595026331
966595026341
966595026347
966595026353
966595026354
966595026370
966595026387
966595026398
966595026401
966595026405
966595026428
966595026449
966595026454
966595026457
966595026461
966595026471
966595026497
966595026498
966595026503
966595026515
966595026516
966595026546
966595026549
966595026551
966595026555
966595026560
966595026593
966595026598
966595026599
966595026610
966595026622
966595026635
966595026649
966595026677
966595026696
966595026699
966595026701
966595026715
966595026725
966595026727
966595026738
966595026745
966595026763
966595026766
966595026779
966595026790
966595026792
966595026805
966595026827
966595026828
966595026830
966595026834
966595026839
966595026855
966595026861
966595026872
966595026882
966595026893
966595026907
966595026919
966595026924
966595026925
966595026961
966595026969
966595026981
966595026984
966595026993
966595026996
966595026999
966597500006
966597500007
966597500012
966597500041
966597500047
966597500051
966597500072
966597500082
966597500103
966597500108
966597500109
966597500152
966597500154
966597500159
966597500160
966597500185
966597500194
966597500210
966597500218
966597500221
966597500224
966597500227
966597500234
966597500261
966597500282
966597500292
966597500298
966597500321
966597500334
966597500362
966597500368
966597500372
966597500378
966597500382
966597500385
966597500392
966597500396
966597500412
966597500422
966597500423
966597500424
966597500431
966597500446
966597500450
966597500452
966597500457
966597500466
966597500478
966597500490
966597500492
966597500495
966597500496
966597500499
966597500511
966597500525
966597500528
966597500547
966597500554
966597500559
966597500606
966597500618
966597500625
966597500632
966597500644
966597500649
966597500651
966597500679
966597500682
966597500696
966597500700
966597500706
966597500712
966597500729
966597500740
966597500753
966597500768
966597500774
966597500776
966597500779
966597500815
966597500836
966597500842
966597500844
966597500852
966597500853
966597500857
966597500860
966597500867
966597500880
966597500882
966597500889
966597500898
966597500923
966597500925
966597500926
966597500935
966597500953
966597500957
966597500988
966597500998
966599034004
966599034010
966599034023
966599034054
966599034058
966599034059
966599034067
966599034073
966599034078
966599034089
966599034104
966599034127
966599034140
966599034146
966599034155
966599034164
966599034183
966599034189
966599034194
966599034234
966599034268
966599034292
966599034309
966599034316
966599034323
966599034326
966599034329
966599034358
966599034373
966599034395
966599034401
966599034410
966599034419
966599034436
966599034437
966599034445
966599034477
966599034482
966599034487
966599034502
966599034507
966599034509
966599034515
966599034535
966599034539
966599034545
966599034548
966599034560
966599034576
966599034584
966599034585
966599034607
966599034618
966599034619
966599034625
966599034627
966599034633
966599034636
966599034639
966599034647
966599034678
966599034691
966599034705
966599034707
966599034720
966599034739
966599034741
966599034742
966599034744
966599034748
966599034755
966599034766
966599034769
966599034797
966599034802
966599034811
966599034821
966599034829
966599034839
966599034848
966599034858
966599034862
966599034878
966599034881
966599034882
966599034890
966599034905
966599034910
966599034920
966599034923
966599034924
966599034931
966599034948
966599034950
966599034962
966599034969
966599034973
966599034978
966599034992
966599034998
966599626024
966599626048
966599626052
966599626064
966599626067
966599626087
966599626088
966599626109
966599626112
966599626113
966599626119
966599626129
966599626149
966599626171
966599626187
966599626207
966599626220
966599626231
966599626232
966599626247
966599626253
966599626259
966599626264
966599626273
966599626280
966599626292
966599626301
966599626310
966599626357
966599626360
966599626361
966599626369
966599626382
966599626392
966599626411
966599626417
966599626428
966599626434
966599626445
966599626460
966599626479
966599626506
966599626507
966599626526
966599626527
966599626540
966599626544
966599626546
966599626556
966599626559
966599626569
966599626583
966599626584
966599626589
966599626601
966599626611
966599626622
966599626631
966599626636
966599626637
966599626639
966599626641
966599626642
966599626650
966599626653
966599626685
966599626689
966599626724
966599626735
966599626740
966599626742
966599626762
966599626765
966599626773
966599626780
966599626782
966599626786
966599626793
966599626794
966599626807
966599626848
966599626862
966599626874
966599626879
966599626885
966599626893
966599626896
966599626911
966599626917
966599626918
966599626920
966599626927
966599626928
966599626933
966599626935
966599626936
966599626942
966599626959
966599626975
966599626987
966599915009
966599915012
966599915016
966599915033
966599915035
966599915047
966599915050
966599915053
966599915070
966599915077
966599915078
966599915097
966599915104
966599915110
966599915114
966599915119
966599915122
966599915133
966599915135
966599915147
966599915154
966599915156
966599915163
966599915166
966599915171
966599915174
966599915181
966599915183
966599915197
966599915210
966599915211
966599915228
966599915259
966599915283
966599915294
966599915302
966599915303
966599915304
966599915311
966599915326
966599915335
966599915343
966599915345
966599915353
966599915358
966599915361
966599915365
966599915400
966599915406
966599915408
966599915427
966599915448
966599915458
966599915462
966599915484
966599915494
966599915527
966599915541
966599915548
966599915551
966599915557
966599915592
966599915596
966599915599
966599915602
966599915606
966599915654
966599915659
966599915667
966599915669
966599915678
966599915688
966599915697
966599915698
966599915706
966599915713
966599915718
966599915732
966599915737
966599915763
966599915771
966599915783
966599915789
966599915795
966599915803
966599915807
966599915832
966599915855
966599915865
966599915867
966599915872
966599915878
966599915899
966599915935
966599915940
966599915944
966599915965
966599915984
966599915986
966599915999